0	822.7939	
1	777.4520	
2	850.7737	
3	858.0319	
4	828.3533	
5	836.3114	
6	831.5611	
7	806.4255	
8	765.0381	
9	728.6898	
10	777.3965	
11	774.0218	
12	792.7982	
13	775.4337	
14	766.1091	
15	753.3516	
16	789.9857	
17	792.2315	
18	751.6777	
19	794.4211	
20	754.5817	
21	805.0998	
22	789.7153	
23	808.4531	
24	797.1088	
25	792.2012	
26	802.8861	
27	846.4859	
28	796.1624	
29	746.7458	
30	725.7531	
31	747.0930	
32	778.9427	
33	787.9934	
34	792.1464	
35	792.6972	
36	806.3447	
37	820.5688	
38	779.0629	
39	726.6152	
40	730.2609	
41	702.0447	
42	721.2960	
43	756.4235	
44	825.6046	
45	859.1818	
46	825.2143	
47	794.1211	
48	758.0649	
49	761.9257	
50	731.4021	
51	723.5396	
52	773.2293	
53	790.5942	
54	770.6747	
55	762.5005	
56	755.8029	
57	798.0599	
58	795.1161	
59	781.6765	
60	776.8999	
61	756.2003	
62	794.9908	
63	771.5458	
64	740.0994	
65	737.1517	
66	736.8430	
67	770.4779	
68	765.4435	
69	731.2676	
70	694.4648	
71	708.1130	
72	689.1970	
73	702.9030	
74	759.4867	
75	782.8299	
76	843.5419	
77	937.5955	
78	902.9484	
79	884.9135	
80	841.2731	
81	843.1830	
82	884.0013	
83	887.5603	
84	876.0364	
85	832.2263	
86	828.9843	
87	872.5095	
88	893.9000	
89	857.9156	
90	835.9702	
91	881.4354	
92	967.2815	
93	934.3904	
94	903.0938	
95	923.5059	
96	936.3260	
97	982.5595	
98	1005.6468	
99	989.6277	
100	1031.4847	
101	1094.5215	
102	1180.6813	
103	1265.8431	
104	1375.7721	
105	1373.0133	
106	1269.8042	
107	1167.7219	
108	1155.2224	
109	1205.4125	
110	1191.2676	
111	1220.5104	
112	1331.6042	
113	1453.2689	
114	1563.3480	
115	1567.3893	
116	1568.0891	
117	1606.2437	
118	1662.9231	
119	1675.4631	
120	1709.3889	
121	1657.9072	
122	1651.1155	
123	1683.6851	
124	1717.4565	
125	1939.6554	
126	2225.2048	
127	2410.7832	
128	2521.8108	
129	2694.8252	
130	2898.8831	
131	2984.6460	
132	2871.6072	
133	2741.7505	
134	2875.7471	
135	2944.8503	
136	2978.8870	
137	3116.3083	
138	3348.6475	
139	3571.8708	
140	3624.7178	
141	3513.9119	
142	3523.4106	
143	3502.1384	
144	3604.7410	
145	3708.2429	
146	3733.8108	
147	3654.8054	
148	3701.0215	
149	3742.4636	
150	3670.6804	
151	3534.7974	
152	3297.4111	
153	3275.8843	
154	3318.9326	
155	3240.9001	
156	3033.9124	
157	2856.6763	
158	2686.6040	
159	2537.5413	
160	2820.4421	
161	3044.8699	
162	2980.4133	
163	2665.0283	
164	2505.3301	
165	2455.0264	
166	2481.0947	
167	2500.8062	
168	2540.4065	
169	2429.5002	
170	2172.8464	
171	1898.0183	
172	1907.3402	
173	1972.0918	
174	2112.6077	
175	2299.1658	
176	2529.0950	
177	2671.4275	
178	2559.6929	
179	2402.2991	
180	2367.7563	
181	2474.5620	
182	2670.4810	
183	2937.1541	
184	3022.5117	
185	3089.1541	
186	3266.4250	
187	3161.5198	
188	3005.1738	
189	2985.9778	
190	3132.7415	
191	3210.5237	
192	3046.7795	
193	2816.3936	
194	2789.4233	
195	2787.0581	
196	3021.4272	
197	3270.1802	
198	3453.8103	
199	3527.3464	
200	3458.5171	
201	3441.0237	
202	3320.9580	
203	3158.0662	
204	2958.1619	
205	3014.8728	
206	3121.8010	
207	3091.7002	
208	3176.7502	
209	3368.5146	
210	3408.9270	
211	3561.0774	
212	3978.5110	
213	4154.5601	
214	4186.5869	
215	4065.4097	
216	4055.3018	
217	4070.9053	
218	4027.0266	
219	4178.0664	
220	4260.0386	
221	4515.5127	
222	4647.1182	
223	4813.9146	
224	4892.5776	
225	4439.9668	
226	4200.5571	
227	4034.0598	
228	3804.9153	
229	3664.3484	
230	3660.8052	
231	3879.7727	
232	4046.4668	
233	3993.4827	
234	3840.8257	
235	3511.4524	
236	3315.2358	
237	3298.6631	
238	3377.5083	
239	3536.2300	
240	3789.9075	
241	4036.5498	
242	4290.6680	
243	4382.5117	
244	4180.5674	
245	3977.5320	
246	3871.8665	
247	4080.9387	
248	4206.5112	
249	4093.0571	
250	3881.9387	
251	3736.4495	
252	3688.2900	
253	3628.2324	
254	3616.8801	
255	3626.2144	
256	3601.4668	
257	3695.1528	
258	3750.6860	
259	3761.1440	
260	3821.2417	
261	3870.4653	
262	4022.3071	
263	4274.2417	
264	4344.8306	
265	4327.7480	
266	4072.1262	
267	3879.7686	
268	4004.4602	
269	4022.8821	
270	4024.2026	
271	3876.9321	
272	3809.3401	
273	3794.4377	
274	3847.9880	
275	3934.5049	
276	3983.8928	
277	3886.4084	
278	3806.4514	
279	3722.3506	
280	3630.1023	
281	3586.4771	
282	3756.5410	
283	3810.9963	
284	3901.9187	
285	3757.1785	
286	3646.2429	
287	3787.8354	
288	4084.6392	
289	4288.6133	
290	4355.0513	
291	4246.4497	
292	4103.1367	
293	3863.2205	
294	3598.3843	
295	3652.4177	
296	3507.0945	
297	3689.3127	
298	3693.6072	
299	3629.4880	
300	3485.6951	
301	3517.3550	
302	3426.3115	
303	3259.8301	
304	3286.1355	
305	3271.4185	
306	3158.1692	
307	3132.8652	
308	3144.5847	
309	3065.3345	
310	2981.3413	
311	2815.3850	
312	2579.4011	
313	2375.8650	
314	2385.7893	
315	2433.5581	
316	2674.4563	
317	2843.1633	
318	3099.5928	
319	3788.4221	
320	4458.5454	
321	4687.2925	
322	4506.5952	
323	4038.9001	
324	3895.7554	
325	3914.6377	
326	3928.3362	
327	4049.7087	
328	4092.4668	
329	3879.1016	
330	3606.2891	
331	3528.3025	
332	3614.0464	
333	3526.4543	
334	3261.6045	
335	3076.0918	
336	3062.4429	
337	3051.5151	
338	3123.7146	
339	3202.8840	
340	3145.1655	
341	3080.8208	
342	3044.4824	
343	3061.3142	
344	2990.9282	
345	2800.6904	
346	2666.5510	
347	2589.4453	
348	2599.3960	
349	2580.4512	
350	2528.7893	
351	2339.1396	
352	2128.2383	
353	2182.8408	
354	2406.7725	
355	2605.8208	
356	2647.6372	
357	2493.8582	
358	2309.2808	
359	2084.7803	
360	1942.1140	
361	1786.7478	
362	1633.6364	
363	1650.3170	
364	1601.5221	
365	1507.1626	
366	1446.9736	
367	1442.2158	
368	1447.2076	
369	1489.9453	
370	1535.5498	
371	1517.3170	
372	1544.0140	
373	1613.2715	
374	1512.8384	
375	1422.2815	
376	1343.0668	
377	1420.2183	
378	1529.4324	
379	1643.8826	
380	1765.5022	
381	1819.0725	
382	1863.7897	
383	1793.7991	
384	1640.2043	
385	1500.2764	
386	1481.2904	
387	1501.6685	
388	1586.5155	
389	1514.0499	
390	1486.4480	
391	1415.3582	
392	1341.5162	
393	1317.3280	
394	1309.4208	
395	1443.1104	
396	1517.5208	
397	1553.4065	
398	1631.9985	
399	1603.3491	
400	1475.2395	
401	1376.1112	
402	1319.3982	
403	1360.4724	
404	1410.3060	
405	1346.0013	
406	1303.0430	
407	1294.8846	
408	1330.2263	
409	1287.7871	
410	1272.7173	
411	1302.6786	
412	1427.6514	
413	1477.9862	
414	1468.1591	
415	1449.2056	
416	1426.1893	
417	1452.6346	
418	1463.5425	
419	1472.2267	
420	1506.5964	
421	1767.6182	
422	2028.9672	
423	2197.1418	
424	2295.0713	
425	2476.5681	
426	2613.7129	
427	2467.7227	
428	2218.6924	
429	2069.6267	
430	1896.1610	
431	1721.0790	
432	1622.7555	
433	1543.3367	
434	1407.7014	
435	1283.6749	
436	1312.3945	
437	1369.5181	
438	1385.2935	
439	1270.5085	
440	1286.7402	
441	1341.8453	
442	1396.4408	
443	1321.7046	
444	1335.5344	
445	1328.6238	
446	1360.5095	
447	1440.2568	
448	1462.5363	
449	1544.7301	
450	1699.2296	
451	1787.5637	
452	1830.6345	
453	1491.1833	
454	1374.8123	
455	1302.4006	
456	1278.9901	
457	1231.8757	
458	1245.2098	
459	1371.1792	
460	1511.6019	
461	1493.3723	
462	1480.1489	
463	1401.6836	
464	1417.0272	
465	1387.9216	
466	1409.2452	
467	1388.3655	
468	1310.8842	
469	1327.2010	
470	1500.0415	
471	1737.7115	
472	1812.1007	
473	1818.3204	
474	1590.0192	
475	1381.9974	
476	1254.0132	
477	1293.3091	
478	1392.1686	
479	1465.8557	
480	1471.9399	
481	1275.1783	
482	1154.7673	
483	1106.8036	
484	1177.4788	
485	1132.9603	
486	1101.2703	
487	1061.9941	
488	1053.9126	
489	993.7844	
490	935.1293	
491	932.2661	
492	979.4958	
493	1110.2207	
494	1087.7109	
495	1021.8959	
496	922.0273	
497	872.2806	
498	877.2022	
499	987.0529	
500	1156.1072	
501	1254.0388	
502	1242.8506	
503	1078.3237	
504	965.3354	
505	897.2126	
506	845.6797	
507	807.8995	
508	922.3163	
509	1023.5646	
510	1036.7683	
511	1027.8264	
512	1005.5568	
513	928.7079	
514	891.2806	
515	920.3608	
516	1025.4888	
517	1226.8862	
518	1302.1827	
519	1200.3732	
520	1233.9254	
521	1322.8862	
522	1396.4916	
523	1303.9028	
524	1201.5840	
525	1194.2922	
526	1194.4218	
527	1230.3569	
528	1241.6919	
529	1283.0326	
530	1232.9854	
531	1120.8940	
532	985.2864	
533	861.1784	
534	861.1627	
535	882.3110	
536	814.1617	
537	828.8742	
538	858.5754	
539	826.2498	
540	812.1533	
541	783.6088	
542	757.0055	
543	808.7407	
544	812.0782	
545	754.1772	
546	710.7516	
547	676.9048	
548	695.7953	
549	672.7803	
550	623.9508	
551	640.7974	
552	642.5383	
553	654.2624	
554	680.6129	
555	648.4412	
556	686.5342	
557	714.2208	
558	746.7113	
559	757.3071	
560	724.3133	
561	722.9227	
562	736.3347	
563	749.4315	
564	775.9561	
565	842.0229	
566	868.0770	
567	780.7825	
568	795.4200	
569	821.4854	
570	897.0020	
571	887.0091	
572	829.6537	
573	777.9537	
574	757.7739	
575	733.7084	
576	807.6246	
577	893.7895	
578	907.4380	
579	863.8972	
580	779.8235	
581	728.7867	
582	692.7640	
583	677.1523	
584	671.7385	
585	664.0145	
586	714.1986	
587	775.7636	
588	825.9434	
589	771.8253	
590	730.9225	
591	782.0408	
592	822.2418	
593	831.5422	
594	877.9434	
595	850.1429	
596	790.2411	
597	730.1523	
598	745.4236	
599	792.5471	
600	908.3920	
601	1014.6904	
602	1051.3215	
603	993.7975	
604	915.0947	
605	908.0074	
606	953.9645	
607	1044.6420	
608	1117.5354	
609	1150.7616	
610	1069.1493	
611	1018.7841	
612	982.8040	
613	985.7977	
614	953.6257	
615	986.8731	
616	955.7144	
617	950.7830	
618	1046.4701	
619	1097.1078	
620	1014.9735	
621	903.9572	
622	865.0894	
623	869.1567	
624	830.0533	
625	804.2228	
626	820.8425	
627	905.1856	
628	942.5941	
629	874.4925	
630	825.2990	
631	772.2472	
632	780.4921	
633	824.1332	
634	837.5240	
635	799.9111	
636	786.3793	
637	799.6082	
638	764.0671	
639	766.1111	
640	779.5554	
641	788.6717	
642	798.1577	
643	832.1647	
644	874.4325	
645	945.3390	
646	968.6030	
647	933.2414	
648	903.8440	
649	962.9713	
650	900.2974	
651	905.5709	
652	877.3026	
653	884.7195	
654	917.0157	
655	874.6407	
656	782.4786	
657	736.9343	
658	700.9608	
659	733.7217	
660	793.9041	
661	783.3777	
662	789.6143	
663	833.3392	
664	860.7372	
665	833.7490	
666	769.8509	
667	775.2277	
668	838.8788	
669	870.1844	
670	809.0863	
671	723.9803	
672	728.8564	
673	768.6609	
674	832.7545	
675	815.8759	
676	729.4603	
677	679.1128	
678	680.3568	
679	657.5473	
680	678.3024	
681	672.6078	
682	702.2595	
683	726.8652	
684	681.7222	
685	679.4273	
686	689.1174	
687	736.9730	
688	844.0056	
689	902.2793	
690	849.8270	
691	753.6200	
692	694.9283	
693	669.6249	
694	669.1147	
695	671.2346	
696	652.6943	
697	668.8523	
698	665.4213	
699	625.4805	
700	616.7583	
701	600.2285	
702	612.2647	
703	625.5558	
704	714.7212	
705	787.0817	
706	794.6500	
707	694.2168	
708	674.8213	
709	737.6818	
710	714.0490	
711	630.0784	
712	618.5688	
713	627.1715	
714	642.8074	
715	671.3666	
716	704.9070	
717	708.5027	
718	736.0547	
719	660.5690	
720	599.3853	
721	605.3542	
722	597.7131	
723	590.7668	
724	587.6412	
725	600.2264	
726	610.3469	
727	594.6136	
728	580.4473	
729	572.3582	
730	618.8203	
731	599.9136	
732	622.5013	
733	633.3987	
734	620.5344	
735	617.7476	
736	595.1516	
737	592.1138	
738	627.5808	
739	613.2627	
740	623.1841	
741	659.6196	
742	670.6861	
743	653.3285	
744	654.2463	
745	659.8549	
746	721.1730	
747	793.1001	
748	905.6476	
749	938.3771	
750	946.5893	
751	949.5380	
752	909.9641	
753	891.4739	
754	818.7642	
755	776.9694	
756	688.0219	
757	683.4428	
758	637.4697	
759	617.1963	
760	641.7489	
761	637.1342	
762	639.6837	
763	627.8524	
764	670.3272	
765	686.5610	
766	669.3387	
767	665.3395	
768	693.3169	
769	732.8274	
770	745.0641	
771	715.2856	
772	620.3231	
773	615.8536	
774	611.3118	
775	640.0301	
776	628.0843	
777	658.2173	
778	641.3528	
779	639.2299	
780	615.7346	
781	596.4818	
782	597.4190	
783	626.5143	
784	638.1267	
785	620.3349	
786	604.8498	
787	612.2288	
788	580.2538	
789	582.2693	
790	605.9737	
791	615.7661	
792	594.2231	
793	619.8452	
794	658.1728	
795	676.5114	
796	652.4264	
797	633.5827	
798	601.4650	
799	597.8029	
800	627.8927	
801	643.9484	
802	631.1603	
803	633.1823	
804	627.9814	
805	653.2271	
806	711.2314	
807	802.4872	
808	863.4096	
809	895.8843	
810	836.0006	
